4
5
Harvard A
Ted Gioia
Kyle Haddad-Fonda
Dallas Simons
Andy Watkins
5
Minnesota A
Brendan Byrne
Andrew Hart
Rob Carson
Gautam Kandlikar
5
Illinois A
Jeff Baboukis
Jeff Crean
Trygve Meade
Mike Sorice
5
Chicago A
Shantanu Jha
Selene Koo
David Seal
Seth Teitler
6
0
2
0
355
235
20
1
12
240
8
160
0
0
0
0
0
0
0
1
0
1
0
0
10
0
1
0
2
0
0
20
1
1
0
2
0
0
20
1
1
1
1
0
0
25
2
1
0
1
1
0
5
2
1
0
2
0
0
20
3
1
1
7
1
0
80
3
1
0
2
2
0
10
-1
0
0
0
0
0
0
-1
0
0
0
0
0
0
-1
0
0
0
0
0
0
-1
0
0
0
0
0
0
-1
0
0
0
0
0
0
-1
0
0
0
0
0
0
-1
0
0
0
0
0
0
-1
0
0
0
0
0
0
1
3
2
370
230
20
2
12
245
7
160
0
0
0
0
0
0
0
1
0
3
0
0
30
0
1
0
1
0
0
10
1
1
0
2
0
0
20
1
1
0
0
1
0
-5
2
1
0
1
1
0
5
2
1
0
2
2
0
10
3
1
2
4
0
0
70
3
1
3
1
0
0
55
-1
0
0
0
0
0
0
-1
0
0
0
0
0
0
-1
0
0
0
0
0
0
-1
0
0
0
0
0
0
-1
0
0
0
0
0
0
-1
0
0
0
0
0
0
-1
0
0
0
0
0
0
-1
0
0
0
0
0
0
2
3
0
425
195
20
3
13
280
6
140
0
0
0
0
0
0
0
1
1
3
0
0
45
0
1
1
1
0
0
25
1
1
1
2
0
0
35
1
1
0
1
1
0
5
2
1
0
2
0
0
20
2
1
1
1
0
0
25
3
1
1
3
0
0
45
3
1
0
1
2
0
0
-1
0
0
0
0
0
0
-1
0
0
0
0
0
0
-1
0
0
0
0
0
0
-1
0
0
0
0
0
0
-1
0
0
0
0
0
0
-1
0
0
0
0
0
0
-1
0
0
0
0
0
0
-1
0
0
0
0
0
0
3
1
2
275
395
20
3
8
200
12
250
0
0
0
0
0
0
0
1
1
1
1
0
20
0
1
1
0
0
0
15
1
1
0
1
0
0
10
1
1
0
3
0
0
30
2
1
0
2
1
0
15
2
1
1
0
1
0
10
3
1
0
3
0
0
30
3
1
4
3
0
0
90
-1
0
0
0
0
0
0
-1
0
0
0
0
0
0
-1
0
0
0
0
0
0
-1
0
0
0
0
0
0
-1
0
0
0
0
0
0
-1
0
0
0
0
0
0
-1
0
0
0
0
0
0
-1
0
0
0
0
0
0
4
1
0
265
195
20
2
10
160
8
125
0
0
0
0
0
0
0
1
2
2
1
0
45
0
1
0
1
2
0
0
1
1
0
2
1
0
15
1
1
0
2
0
0
20
2
1
1
1
0
0
25
2
1
1
2
0
0
35
3
1
0
2
0
0
20
3
1
0
2
1
0
15
-1
0
0
0
0
0
0
-1
0
0
0
0
0
0
-1
0
0
0
0
0
0
-1
0
0
0
0
0
0
-1
0
0
0
0
0
0
-1
0
0
0
0
0
0
-1
0
0
0
0
0
0
-1
0
0
0
0
0
0
5
1
3
300
355
20
1
10
200
10
245
0
0
0
0
0
0
0
1
1
1
2
0
15
0
1
0
2
0
0
20
1
1
1
1
0
0
25
1
1
1
2
0
0
35
2
1
0
3
1
0
25
2
1
0
2
0
0
20
3
1
1
2
0
0
35
3
1
1
2
0
0
35
-1
0
0
0
0
0
0
-1
0
0
0
0
0
0
-1
0
0
0
0
0
0
-1
0
0
0
0
0
0
-1
0
0
0
0
0
0
-1
0
0
0
0
0
0
-1
0
0
0
0
0
0
-1
0
0
0
0
0
0
1
1
3
0
1
2
254
1
1
1
1
1
1
1
0
0
1
EXAMPLE INVITATIONAL




0
_rounds.html
_standings.html
_individuals.html
_games.html
_teamdetail.html
_playerdetail.html
_statkey.html

0
4
-1
-1
-1
-1
15
10
-5
0
0
4
0
0
0
0